0.311569 
0.234026 
0.219270 
0.152972 
0.223655 
0.254213 
0.249040 
0.279074 
0.213233 
0.415199 
0.286474 
0.419724 
0.271939 
0.202958 
0.206190 
0.211104 
0.181187 
0.214975 
0.217474 
0.240286 
0.278928 
0.162096 
0.273544 
0.237286 
0.220617 
0.238561 
0.208809 
0.255057 
0.218849 
0.305788 
0.225894 
0.209952 
0.218480 
0.280923 
0.241055 
0.224129 
0.243820 
0.372594 
0.216872 
0.225755 
0.206150 
0.210140 
0.247160 
0.198523 
0.247519 
0.288678 
0.249973 
0.250640 
0.225066 
0.161626 
0.242179 
0.206336 
0.196685 
0.274114 
0.336930 
0.239724 
0.224740 
0.212475 
0.167341 
0.259391 
0.245358 
0.226368 
0.271724 
0.216141 
0.193694 
0.328417 
0.239508 
0.223761 
0.281400 
0.237193 
0.288246 
0.221850 
0.284945 
0.307831 
0.141844 
0.198558 
0.273828 
0.334490 
0.226946 
0.152843 
0.293636 
0.208081 
0.171980 
0.223207 
0.303420 
0.338648 
0.186331 
0.245289 
0.238363 
0.202123 
0.220003 
0.213662 
0.212146 
0.244735 
0.344881 
0.300111 
0.193719 
0.241897 
0.220163 
0.219350 
0.228165 
0.213703 
0.249850 
0.199708 
0.244267 
0.223465 
0.204548 
0.188166 
0.197409 
0.305833 
0.206098 
0.230057 
0.290923 
0.235969 
0.214038 
0.263413 
0.240881 
0.250042 
0.249525 
0.224099 
0.254020 
0.217706 
0.210294 
0.265084 
0.145667 
0.201468 
0.301840 
0.287815 
0.219060 
0.177776 
0.264226 
0.179341 
0.211634 
0.257547 
0.199255 
0.437026 
0.222522 
0.217207 
0.223167 
0.252971 
0.211184 
0.238845 
0.187934 
0.198411 
0.166531 
0.241668 
0.259616 
0.168810 
0.233383 
0.213240 
0.230726 
0.263684 
0.172886 
0.221745 
0.283935 
0.222605 
0.187434 
0.263723 
0.210231 
0.218003 
0.220177 
0.269486 
0.380599 
0.151160 
0.318071 
0.217136 
0.228692 
0.202304 
0.163579 
0.222081 
0.232262 
0.260356 
0.217689 
0.249710 
0.238279 
0.112774 
0.382329 
0.254430 
0.217301 
0.265643 
0.255314 
0.181936 
0.154005 
0.237597 
0.308055 
0.245284 
0.235928 
0.270631 
0.232909 
0.193335 
0.284573 
0.156254 
0.255049 
0.201290 
0.268317 
0.232062 
0.222526 
0.284911 
0.197933 
0.204478 
0.234762 
0.240515 
0.205633 
0.327727 
0.267046 
0.375173 
0.246006 
0.146082 
0.347812 
0.240721 
0.226937 
0.210509 
0.287084 
0.243439 
0.214376 
0.239185 
0.282952 
0.237647 
0.159483 
0.275343 
0.200244 
0.290198 
0.361316 
0.187281 
0.304546 
0.210727 
0.233457 
0.215073 
0.204044 
0.243751 
0.359380 
0.200334 
0.294062 
0.229513 
0.236196 
0.239946 
0.217551 
0.217063 
0.208476 
0.192722 
0.225043 
0.226591 
0.227621 
0.258236 
0.177039 
0.267794 
0.209959 
0.263326 
0.234902 
0.181830 
0.201819 
0.353246 
0.291596 
0.321590 
0.212700 
0.207439 
0.271744 
0.164639 
0.294604 
0.261500 
0.186337 
0.263988 
0.221844 
0.209538 
0.244319 
0.280717 
0.240736 
0.288968 
0.305369 
0.185092 
0.296705 
0.218088 
0.325567 
0.171491 
0.397413 
0.223813 
0.213024 
0.231980 
0.275079 
0.228861 
0.224724 
0.270150 
0.208726 
0.139163 
0.205726 
0.148046 
0.223352 
0.219240 
0.174186 
0.244430 
0.287630 
0.222322 
0.217620 
0.222715 
0.240672 
0.276878 
0.260214 
0.208487 
0.211412 
0.213372 
0.200579 
0.241002 
0.315396 
0.223443 
0.180101 
0.341806 
0.224149 
0.173986 
0.235056 
0.215880 
0.243136 
0.308690 
0.203114 
0.209343 
0.263707 
0.196145 
0.211415 
0.198396 
0.329212 
0.168125 
0.198800 
0.330111 
0.234685 
0.189452 
0.211296 
0.297104 
0.249600 
0.262863 
0.349685 
0.301592 
0.202923 
0.237790 
0.193375 
0.271898 
0.284676 
0.260159 
0.226043 
0.271240 
0.199530 
0.311339 
0.340034 
0.307308 
0.230215 
0.187600 
0.322446 
0.205117 
0.195559 
0.344231 
0.189037 
0.196677 
0.379736 
0.219584 
0.181560 
0.270768 
0.209581 
0.216234 
0.251467 
0.245694 
0.206652 
0.250426 
0.244007 
0.237943 
0.272278 
0.209058 
0.168847 
0.279651 
0.219365 
0.245113 
0.220759 
0.195680 
0.190473 
0.181347 
0.210951 
0.174159 
0.219151 
0.287922 
0.238084 
0.190073 
0.220199 
0.242554 
0.270985 
0.272229 
0.225323 
0.243656 
0.259635 
0.233345 
0.199137 
0.236625 
0.206507 
0.253028 
0.220454 
0.213330 
0.349063 
0.214308 
0.237695 
0.223281 
0.200886 
0.220077 
0.227156 
0.209506 
0.187181 
0.248876 
0.203875 
0.280074 
0.151087 
0.206792 
0.216024 
0.213111 
0.216461 
0.194745 
0.213472 
0.148363 
0.208017 
0.210905 
0.228304 
0.158998 
0.212970 
0.225298 
0.285436 
0.163136 
0.275721 
0.264823 
0.205894 
0.216386 
0.255431 
0.246530 
0.187757 
0.201969 
0.281871 
0.257951 
0.229545 
0.348778 
0.270486 
0.234019 
0.141154 
0.213347 
0.240391 
0.142721 
0.185927 
0.263811 
0.230469 
0.195303 
0.249143 
0.279333 
0.206941 
0.207112 
0.249860 
0.268610 
0.270175 
0.230341 
0.203648 
0.204211 
0.276890 
0.224421 
0.288759 
0.301566 
0.164378 
0.246350 
0.249156 
0.184569 
0.244148 
0.200342 
0.299337 
0.204396 
0.153181 
0.209777 
0.236996 
0.205974 
0.279216 
0.376447 
0.186122 
0.232732 
0.204282 
0.247336 
0.414640 
0.248877 
0.181708 
0.258305 
0.256989 
0.262472 
0.236006 
0.240387 
0.150438 
0.217104 
0.274648 
0.233309 
0.385222 
0.192943 
0.238482 
0.207727 
0.283866 
0.205974 
0.193708 
0.186380 
0.355568 
0.214449 
0.200425 
0.251152 
0.225615 
0.283942 
0.244103 
0.211957 
0.226835 
0.241863 
0.231620 
0.159870 
0.289698 
0.223578 
0.222336 
0.215970 
0.229355 
0.236500 
0.260662 
0.240992 
0.174504 
0.341414 
0.202894 
0.188380 
0.280933 
0.264539 
0.231306 
0.241359 
0.205859 
0.208062 
0.215774 
0.226865 
0.209487 
0.340063 
0.208154 
0.169989 
0.316758 
0.218708 
0.220338 
0.224650 
0.192904 
0.257394 
0.205979 
0.283111 
0.215346 
0.151421 
0.226656 
0.157724 
0.201230 
0.263994 
0.258879 
0.196296 
0.219821 
0.171761 
0.199955 
0.210306 
0.226819 
0.222729 
0.212135 
0.294123 
0.279996 
0.238455 
0.214271 
0.189647 
0.312408 
0.275678 
0.251707 
0.197797 
0.215217 
0.410370 
0.215296 
0.217054 
0.188411 
0.262766 
0.247370 
0.198714 
0.331975 
0.250656 
0.226944 
0.187328 
0.245674 
0.264282 
0.205908 
0.243119 
0.191563 
0.208427 
0.205406 
0.300746 
0.286843 
0.219216 
0.173717 
0.322065 
0.286350 
0.408173 
0.231816 
0.216054 
0.215962 
0.279781 
0.255040 
0.231280 
0.420997 
0.233068 
0.188019 
0.208573 
0.261826 
0.248583 
0.201178 
0.217941 
0.235361 
0.297289 
0.318067 
0.196267 
0.169227 
0.221732 
0.219377 
0.163962 
0.254795 
0.255230 
0.212674 
0.266154 
0.198923 
0.166330 
0.421335 
0.312945 
0.305993 
0.227907 
0.308236 
0.246677 
0.154229 
0.258655 
0.229882 
0.276818 
0.224642 
0.195006 
0.296279 
0.210454 
0.293003 
0.226011 
0.211742 
0.231440 
0.257805 
0.290618 
0.412533 
0.207838 
0.209207 
0.306406 
0.194795 
0.202277 
0.224307 
0.198632 
0.217191 
0.206381 
0.233032 
0.249364 
0.242589 
0.176866 
0.260040 
0.235087 
0.307476 
0.255946 
0.338010 
0.208265 
0.183864 
0.257705 
0.229064 
0.221759 
0.332259 
0.223020 
0.214170 
0.281925 
0.209817 
0.234787 
0.296364 
0.249699 
0.179175 
0.189536 
0.209728 
0.236413 
0.264418 
0.245671 
0.189947 
0.244934 
0.206384 
0.228850 
0.271984 
0.274062 
0.257405 
0.217704 
0.200334 
0.197500 
0.197056 
0.237252 
0.180284 
0.231101 
0.175485 
0.206469 
0.181572 
0.277486 
0.180810 
0.284941 
0.255223 
0.231527 
0.254841 
0.255196 
0.208926 
0.284911 
0.282294 
0.203349 
0.163482 
0.261449 
0.235884 
0.229403 
0.263515 
0.244612 
0.229511 
0.269798 
0.227476 
0.161927 
0.198791 
0.221578 
0.227991 
0.206556 
0.259731 
0.225205 
0.215694 
0.219389 
0.217341 
0.177923 
0.250847 
0.198257 
0.243229 
0.208550 
0.251527 
0.176089 
0.227117 
0.260944 
0.220509 
0.269453 
0.198929 
0.171087 
0.299495 
0.218702 
0.226524 
0.222410 
0.221072 
0.262864 
0.214888 
0.248068 
0.194953 
0.216150 
0.428890 
0.293381 
0.208150 
0.357149 
0.294802 
0.182050 
0.253902 
0.197995 
0.304018 
0.176142 
0.208395 
0.254446 
0.194018 
0.267464 
0.270800 
0.229013 
0.213275 
0.168327 
0.307352 
0.229159 
0.171029 
0.304730 
0.254225 
0.209672 
0.200005 
0.325071 
0.347749 
0.281463 
0.216674 
0.209406 
0.172104 
0.292806 
0.312241 
0.205621 
0.277339 
0.242919 
0.282013 
0.216399 
0.214633 
0.243499 
0.169838 
0.208231 
0.166490 
0.270889 
0.283522 
0.287866 
0.257264 
0.193229 
0.233473 
0.251622 
0.265858 
0.215889 
0.203616 
0.230647 
0.237188 
0.201747 
0.176627 
0.211343 
0.247305 
0.200227 
0.214295 
0.238662 
0.241333 
0.173555 
0.219399 
0.265445 
0.266571 
0.187058 
0.221240 
0.253210 
0.280859 
0.224839 
0.221004 
0.221609 
0.231365 
0.177489 
0.273752 
0.394085 
0.252711 
0.217061 
0.148940 
0.266808 
0.265292 
0.205547 
0.309343 
0.255715 
0.206581 
0.179328 
0.211003 
0.244133 
0.367984 
0.236075 
0.218346 
0.241356 
0.214193 
0.217823 
0.294492 
0.213956 
0.158060 
0.205857 
0.261015 
0.236094 
0.284537 
0.227946 
0.200515 
0.209232 
0.211059 
0.254081 
0.299416 
0.246360 
0.156000 
0.253678 
0.286486 
0.202266 
0.233592 
0.228444 
0.223062 
0.193465 
0.146126 
0.210832 
0.300305 
0.255871 
0.160360 
0.218511 
0.316791 
0.205428 
0.195477 
0.200617 
0.269993 
0.320581 
0.166063 
0.272488 
0.220967 
0.211756 
0.219542 
0.309250 
0.207087 
0.309031 
0.303719 
0.312667 
0.186828 
0.250034 
0.264481 
0.239659 
0.246017 
0.195657 
0.206068 
0.249795 
0.245390 
0.371223 
0.214937 
0.206318 
0.195685 
0.268705 
0.142610 
0.296842 
0.244283 
0.170279 
0.232375 
0.249169 
0.248836 
0.192412 
0.169659 
0.279274 
0.206205 
0.233541 
0.271299 
0.221140 
0.186983 
0.371016 
0.218563 
0.187824 
0.227561 
0.244034 
0.180931 
0.239871 
0.173152 
0.347002 
0.326662 
0.227252 
0.218988 
0.218280 
0.209284 
0.232615 
0.170235 
0.195520 
0.331221 
0.250193 
0.193924 
0.290465 
0.311532 
0.317725 
0.375665 
0.343793 
0.223817 
0.283486 
0.270289 
0.270174 
0.259486 
0.280101 
0.217646 
0.180120 
0.336447 
0.228299 
0.195823 
0.255845 
0.205529 
0.332560 
0.275003 
0.266355 
0.278981 
0.243683 
0.282678 
0.255559 
0.245682 
0.179023 
0.202932 
0.301262 
0.229550 
0.208631 
0.212619 
0.260586 
0.151103 
0.199966 
0.207335 
0.178541 
0.209638 
0.305489 
0.279681 
0.343605 
0.216797 
0.228131 
0.209129 
0.235698 
0.213196 
0.228212 
0.288991 
0.182536 
0.223923 
0.195939 
0.265278 
0.209224 
0.203076 
0.245574 
0.205493 
0.230641 
0.272428 
0.294021 
0.251859 
0.319539 
0.268206 
0.227007 
0.185164 
0.212692 
0.219473 
0.144301 
0.206610 