10.363944 
5.380977 
6.970351 
6.045929 
6.010240 
10.232998 
9.053724 
10.727449 
7.539017 
8.857402 
6.548472 
6.069320 
5.682608 
8.401028 
9.809889 
9.845041 
6.973595 
6.761542 
6.440507 
7.631889 
6.395908 
7.438671 
7.274498 
5.904070 
8.655524 
7.654041 
5.230946 
6.455552 
5.748472 
8.693745 
8.993487 
4.147184 
7.160917 
4.546501 
2.717639 
9.463005 
10.001324 
6.435355 
8.204362 
10.251693 
11.236947 
9.112127 
6.170177 
5.792410 
10.452220 
8.529949 
9.464033 
5.438942 
1.923708 
10.667958 
7.686369 
9.694529 
6.606226 
6.544755 
6.111117 
5.568443 
8.800206 
9.829636 
9.647465 
11.216898 
9.389658 
9.672227 
6.356086 
10.407089 
8.475470 
7.819947 
7.719663 
5.117168 
3.857082 
3.522598 
3.651895 
8.260408 
11.400954 
8.224803 
7.756527 
7.882954 
8.589561 
10.894659 
5.140566 
7.283685 
9.904697 
9.795533 
5.937441 
6.437123 
9.166092 
4.721794 
8.925017 
3.401867 
5.405630 
7.781927 
6.980551 
8.156123 
7.186662 
9.177417 
7.008607 
7.419563 
6.824311 
5.354133 
8.590255 
4.991962 
8.912293 
9.083998 
5.323598 
6.488548 
4.560279 
6.221183 
3.679627 
7.471930 
8.392293 
8.956983 
5.285106 
6.307457 
5.954667 
8.165912 
3.720305 
7.474749 
6.361866 
8.161013 
8.904528 
9.368266 
9.602841 
5.961402 
6.363171 
4.281243 
2.806693 
5.265661 
7.372858 
8.243775 
8.836181 
12.029400 
8.996059 
7.614293 
6.786942 
6.732882 
6.711096 
5.494723 
10.573860 
7.587797 
8.351978 
9.873542 
7.061172 
2.334256 
10.134745 
7.237580 
7.488649 
9.575412 
7.079344 
2.800189 
11.001804 
12.079425 
9.004829 
9.478818 
2.665405 
5.745174 
4.182465 
9.330342 
5.166862 
5.866637 
6.518893 
7.537913 
9.138551 
8.589716 
9.842024 
5.729668 
4.432219 
3.610307 
4.266323 
3.435165 
10.378045 
8.599866 
8.565235 
10.567725 
6.135157 
9.271019 
7.496785 
8.439225 
7.613966 
4.144636 
5.565273 
8.980281 
8.346095 
10.418513 
8.508417 
4.758192 
3.592478 
10.494810 
5.112680 
8.784162 
6.582773 
4.144194 
5.474987 
9.067185 
6.609212 
9.000888 
7.830063 
11.105906 
7.921377 
10.292518 
10.786902 
7.986447 
11.305482 
9.618277 
8.631833 
6.314844 
9.132721 
10.187012 
9.257223 
9.945610 
10.778615 
9.617938 
8.842424 
8.787395 
9.851424 
8.739804 
8.396662 
6.471632 
4.745076 
6.886086 
10.537518 
6.853789 
5.042752 
3.209229 
7.277321 
10.299474 
8.412476 
9.391437 
11.284193 
7.099686 
9.295245 
8.608298 
6.580751 
6.105224 
9.042825 
9.997124 
7.407147 
5.857124 
7.129277 
5.132960 
4.280699 
6.071094 
3.101285 
10.702123 
6.906017 
12.512526 
8.795793 
11.226680 
7.366345 
10.753521 
6.378653 
10.155111 
11.321770 
8.988792 
8.596577 
9.793852 
7.568694 
3.723528 
9.915804 
9.228997 
9.667805 
7.771698 
6.438039 
6.420550 
6.776661 
5.056036 
4.772993 
9.523146 
9.769777 
7.141059 
8.242577 
8.458268 
10.213983 
4.564687 
5.566648 
4.960175 
6.215770 
2.460477 
9.624268 
8.447206 
10.427804 
7.764192 
6.969972 
1.539667 
3.282451 
5.246269 
4.797477 
3.738573 
5.233934 
9.728701 
8.496861 
3.948896 
8.363071 
6.934207 
9.783940 
3.634851 
9.287778 
7.201841 
7.220259 
7.191991 
6.672521 
9.084171 
9.407208 
6.195822 
7.029519 
8.815049 
6.684977 
5.231603 
5.375590 
3.107705 
4.477096 
4.386600 
4.407835 
6.044325 
7.092996 
10.115758 
4.354747 
8.560712 
7.234106 
8.471988 
9.311336 
9.263226 
9.462899 
6.641744 
7.767187 
10.707556 
10.214746 
10.411556 
2.570312 
10.302113 
7.068525 
3.657288 
5.888117 
3.819010 
5.140709 
8.967189 
8.225870 
6.383711 
9.027408 
10.137755 
6.155643 
7.043551 
6.896904 
4.406571 
10.563409 
9.972284 
6.120674 
4.118467 
6.941642 
6.924132 
4.966797 
8.270929 
4.949072 
8.514983 
10.102165 
6.763191 
8.848176 
8.596920 
9.571515 
7.638771 
5.184008 
5.504925 
9.473061 
9.788155 
9.925728 
10.144627 
7.188251 
7.486511 
7.052407 
8.638577 
7.648377 
4.355802 
5.908984 
8.552358 
10.119773 
10.437974 
9.415427 
5.699418 
7.755966 
10.402129 
5.487006 
9.285552 
5.364602 
6.273194 
5.275728 
10.412415 
10.712290 
10.188632 
8.593714 
4.159775 
10.297325 
6.148568 
9.059456 
9.467636 
7.626683 
6.253033 
8.991953 
10.533004 
6.875341 
4.801745 
5.649344 
6.112349 
6.584951 
5.838094 
9.216943 
6.327114 
8.211351 
9.497009 
7.394405 
6.057176 
6.352589 
6.069963 
6.054806 
9.587568 
9.445421 
8.476953 
5.256483 
11.224816 
8.297598 
9.584258 
10.243800 
7.716645 
7.796691 
7.388097 
9.460821 
10.204152 
8.396621 
6.373813 
7.196700 
9.014894 
9.303193 
8.890190 
7.887746 
6.965436 
6.443769 
10.073708 
5.037858 
5.106185 
7.632802 
9.483983 
6.106565 
4.248615 
3.393968 
9.466735 
6.260179 
9.026530 
7.751800 
5.753664 
6.118579 
8.503625 
9.796061 
9.254397 
8.135181 
7.364176 
6.922212 
4.215454 
11.158087 
8.402656 
7.257973 
4.757321 
10.003917 
6.566917 
6.670763 
8.690109 
3.515521 
3.774290 
5.806991 
5.629722 
7.949966 
9.819382 
7.275449 
2.982898 
4.829387 
8.590436 
10.708496 
6.978514 
5.945921 
8.808514 
4.116166 
5.652581 
9.708631 
6.460215 
8.154465 
6.766414 
5.487619 
4.613196 
3.171232 
6.527373 
5.322125 
7.929842 
7.832690 
9.648077 
8.797072 
9.637089 
8.687576 
8.760340 
8.843933 
8.843452 
9.805521 
9.222582 
7.611907 
10.200907 
8.974095 
8.670399 
8.012144 
7.366870 
9.086454 
11.237050 
9.551674 
7.340638 
4.610846 
7.363544 
6.995687 
9.863707 
9.801638 
7.635067 
7.017478 
8.380651 
9.560766 
11.360529 
9.414485 
10.046517 
9.220213 
10.379320 
10.429524 
8.193502 
8.600466 
6.707256 
5.846150 
6.579293 
10.131559 
7.924773 
4.720953 
4.718427 
3.723254 
11.062773 
10.196466 
6.760255 
9.439759 
10.542992 
7.499765 
9.248496 
9.869861 
9.511067 
7.600115 
2.983121 
10.798027 
9.178446 
8.722447 
7.526860 
6.567063 
6.071544 
6.588876 
3.411403 
9.930223 
7.576144 
5.019581 
6.147493 
10.764163 
6.887623 
9.060347 
9.586883 
8.533221 
10.375572 
9.175949 
10.139018 
9.521091 
7.562006 
7.547760 
6.214265 
5.630138 
9.400770 
8.695740 
9.195843 
7.136833 
4.668555 
5.285823 
10.247722 
6.688625 
10.416257 
9.442464 
7.477266 
6.014818 
8.834315 
5.311626 
6.027714 
8.445267 
6.800143 
4.780863 
8.926127 
8.563624 
6.899748 
8.171007 
7.955125 
2.614462 
4.896149 
8.357443 
3.541927 
9.955467 
9.505886 
8.729734 
4.669780 
5.399347 
5.805368 
9.964584 
5.893712 
6.600149 
4.900565 
6.052476 
4.068840 
2.613751 
9.909443 
8.364004 
4.722349 
9.191935 
9.872165 
9.802706 
6.955729 
5.679383 
9.557979 
6.685295 
9.696409 
11.244393 
9.514563 
8.550857 
10.261982 
4.463641 
9.463589 
10.331987 
5.370948 
5.096572 
10.441012 
6.763904 
4.110991 
8.530772 
5.714231 
3.748225 
6.286642 
5.929903 
4.608600 
9.248753 
7.846256 
8.279061 
6.810858 
4.248854 
5.345320 
10.922819 
8.756193 
7.691227 
5.051852 
10.628074 
8.726779 
5.639518 
6.187342 
5.393041 
4.196277 
9.093239 
9.215520 
11.017196 
11.211318 
8.614853 
5.833357 
8.006945 
5.311056 
5.576260 
10.081131 
9.567682 
6.976701 
7.644212 
8.395320 
8.109129 
6.551353 
5.647557 
7.153824 
9.147423 
10.105520 
9.494306 
8.393098 
7.231365 
6.798569 
9.765942 
9.564658 
4.885526 
10.894097 
8.109046 
6.942029 
6.380583 
6.101935 
1.086426 
11.264430 
11.406337 
9.865270 
8.684455 
7.806007 
8.575167 
9.544855 
7.824742 
6.259827 
3.516079 
5.476437 
10.235702 
9.555264 
8.638083 
9.226567 
6.124781 
5.387724 
11.610379 
11.281697 
10.865479 
8.926037 
8.201079 
6.871080 
5.404677 
5.859876 
5.207154 
7.704024 
10.184905 
6.979859 
8.521345 
7.349881 
7.991498 
8.270440 
4.436312 
9.187823 
9.764166 
10.498368 
10.619700 
9.395281 
6.834287 
7.268553 
11.484771 
5.623087 
7.776015 
8.086384 
7.761491 
7.926936 
6.250204 
6.163009 
7.843379 
8.274633 
9.257548 
10.007333 
8.066852 
7.998934 
3.857518 
4.905081 
6.868088 
7.775183 
8.727416 
8.335912 
9.848879 
10.163908 
9.470718 
5.537581 
3.213189 
5.033325 
6.025993 
8.199663 
9.185354 
8.669655 
9.961770 
7.071884 
7.088945 
8.573066 
10.010579 
6.846549 
7.258948 
7.940153 
9.453165 
6.784235 
5.957370 
7.025887 
6.617866 
5.779197 
5.814981 
7.853093 
6.481542 
6.116417 
9.925684 
10.092233 
9.384671 
9.726883 
11.060335 
9.285765 
2.792019 
10.694563 
8.441880 
8.315977 
3.652340 
9.915499 
5.423691 
6.910701 
4.121899 
9.114088 
6.107945 
9.640336 
9.933056 
6.858556 
4.230346 
10.309941 
6.150347 
4.659509 
7.721408 
9.179589 
10.058794 
11.412704 
9.592154 
10.834041 
9.027823 
9.114131 
7.632314 
9.207625 
5.417625 
10.254195 
8.117567 
7.770882 
11.176639 
6.913654 
7.416066 
4.159262 
9.638838 
6.887335 
4.910866 
5.696886 
11.873921 
9.657891 
6.015947 
9.436925 
7.947619 
6.412818 
4.119763 
9.031835 
8.151591 
11.024730 
9.559288 
6.816917 
6.611783 
10.624826 
8.419378 
7.226626 
8.890568 
6.150331 
9.031344 
7.035413 
6.343218 
10.478580 
10.683385 
7.904458 
8.754623 
7.682726 
4.857162 
9.582414 
9.797429 
5.763467 
6.920493 
4.926107 
7.171428 
7.957455 
7.381904 
8.641248 
10.429722 
8.602475 
10.290705 
9.445087 
10.661528 
10.031335 
6.851768 
9.522661 
8.989760 
5.482773 
6.579021 
7.130325 
9.551312 
4.137087 
3.269538 
6.687398 
3.679106 
6.632667 
10.934884 
9.052400 
7.547225 
3.083702 
9.969470 
9.820361 
9.118011 
7.769655 
7.108135 
8.781613 
9.590679 
10.388730 
8.462408 
9.901480 
11.639002 
9.065090 
8.691822 
8.328909 
9.306544 
5.903450 
8.810003 
9.459571 
8.527008 
4.615687 
6.145133 
10.275373 
6.188593 
5.241134 
5.366501 
8.412472 
11.077334 
9.668487 
9.636732 
8.453738 
8.800332 
5.203092 
3.457045 
4.873020 
5.785777 
5.931866 
6.073880 
8.303473 
7.124502 
7.493664 
5.636582 
3.937005 
11.332713 
7.407004 
7.413623 
6.747282 
6.818866 
9.673085 
5.210350 
8.720033 
6.604256 
9.428075 
6.277412 
5.087774 
10.193129 
7.962376 
5.113855 
8.362607 
9.585670 
9.337333 
7.611395 
6.346229 
8.456687 
5.141865 
7.678605 
8.088295 
5.483369 
6.598648 
8.289504 
6.338216 
4.393668 
4.352735 
11.074591 
5.024389 
10.902896 
5.997217 
8.220166 
7.899689 
7.501392 
7.094075 
8.100822 
6.549898 
4.370015 
11.532653 
5.983896 
9.448449 
10.140845 
10.958842 
7.705866 
5.986260 
6.331585 
6.683101 
9.363015 
10.542191 
5.202154 
4.703200 
9.532884 
8.016790 
6.336500 
7.311476 
8.060249 
9.608835 
7.387222 
3.845022 
6.047834 
6.626270 
4.358307 
5.472495 
11.019069 
5.835185 
4.332976 
5.124093 
8.583170 
6.479766 
11.080629 
7.191602 
7.874953 
6.542853 
9.702754 
9.173115 
4.167826 
5.128118 
8.939417 
5.757469 
7.069805 
10.050147 
9.902802 
9.585888 
10.166418 
6.099532 
10.685714 
8.729963 
4.563906 
8.471084 
8.722194 
7.412008 
7.084766 
5.152635 
6.514269 
5.787722 
9.290721 
7.370931 
9.586448 
8.748684 
5.097993 
4.836339 
9.396852 
8.198336 
10.374728 
10.604072 
10.948281 
8.643544 
11.238712 
8.151118 
9.351824 
9.712266 
10.672171 
8.623494 
9.397052 
10.004729 
7.484779 
9.141972 
8.103812 
4.678716 
7.381426 
6.951041 
9.752234 
7.523212 
8.320201 
8.981078 
8.478574 
6.366666 
5.267376 
10.852417 
8.399517 
3.504472 
10.631978 
9.175392 
10.920358 
8.746523 
7.695886 
10.972986 
5.694994 
6.221713 
9.592334 
7.672060 
8.907043 
9.484210 
6.671954 
9.234521 
8.897107 
7.678147 
6.824660 
5.928101 
7.966501 
7.927011 
7.436270 
10.146467 
6.524460 
6.114882 
7.989153 
6.263294 
7.134447 
4.194189 
10.104405 
9.295743 
6.620870 
3.139036 
9.988311 
11.142597 
6.380887 
10.215807 
9.472828 
7.431616 
6.981420 
7.386594 
7.291190 
10.538080 
9.794863 
6.757426 
6.710812 
8.189272 
7.550145 
7.036258 
8.332003 
6.481986 
7.197310 
10.893918 
9.344322 
8.573677 
6.293522 
5.965348 
5.989006 
7.869434 
10.950429 
11.458006 
8.296579 
7.675169 
8.559308 
4.226054 
8.945994 
8.875024 
8.917324 
6.203233 
6.511899 
6.859165 
4.463834 
5.537532 
8.947558 
8.094814 
6.637995 
7.002483 
9.658680 
11.237575 
8.630024 
8.022776 
7.457435 
8.147770 
7.664968 
12.486032 
9.415759 
9.594799 
8.911014 
6.674030 
7.157103 
8.677513 
8.175807 
10.146431 
7.129784 
7.917575 
8.382758 
9.019009 
5.528651 
4.016333 
9.795928 
8.424957 
6.688941 
5.573967 
5.122223 
3.466801 
3.672886 
5.208205 
3.794962 
8.509760 
8.590040 
10.751057 
6.796894 
6.091917 
7.128241 
3.846575 
9.989314 
8.994977 
6.945035 
4.582704 
7.871716 
10.404379 
7.613319 
7.338105 
9.417487 
9.069117 
9.280193 
7.534635 
5.002674 
7.946588 
7.420496 
5.916357 
3.616845 
4.632353 
8.336952 
7.509623 
6.940921 
7.372768 
8.208124 
7.626414 
7.441224 
5.102578 
3.301949 
8.747079 
10.691820 
9.150729 
5.607205 
6.530870 
9.431230 
9.006385 
7.917661 
10.129192 
9.760411 
9.106685 
8.054114 
5.542832 
6.902468 
6.062780 
10.516994 
10.872065 
9.916499 
9.483669 
6.323278 
6.598792 
7.184238 
8.304198 
6.881183 
6.711541 
8.999363 
9.309384 
10.321818 
10.502810 
6.745911 
6.415082 
8.143153 
8.985984 
9.376085 
10.438188 
8.713316 
7.639732 
6.121533 
9.721525 
7.086822 
7.297090 
7.711168 
9.701744 
8.144156 
8.561064 
11.834171 
7.042386 
8.922057 
8.762226 
10.879929 
9.423242 
6.346383 
10.679857 
4.150704 
5.890269 
3.159579 
11.146001 
9.020041 
6.497567 
6.994600 
7.449673 
8.657116 
7.565036 
8.229823 
11.102530 
9.333466 
9.263453 
9.474450 
10.994921 
9.128395 
7.595722 
10.777007 
9.826457 
7.875680 
4.455887 
10.280735 
8.501728 
7.347388 
7.080335 
9.822898 
9.799280 
3.732951 
10.490730 
6.482435 
6.027629 
10.524995 
10.194780 
8.358179 
8.952941 
8.600400 
7.785185 
5.993182 
9.064373 
8.895364 
8.027615 
3.184263 
9.656450 
7.118767 
7.809148 
7.187468 
5.786143 
7.042405 
8.496522 
8.003062 
7.207040 
5.149128 
5.112699 
6.683849 
11.628608 
11.005561 
8.177759 
4.050507 
10.982763 
7.817604 
8.666765 
6.607441 
4.860055 
9.701772 
7.032374 
5.534348 
3.784598 
10.232168 
8.580994 
9.375456 
7.071925 
7.083703 
6.295057 
5.850744 
4.291667 
9.769299 
9.770371 
7.318410 
4.065418 
10.440318 
9.236435 
10.395919 
9.297414 
7.984983 
8.273560 
3.868122 
6.936740 
9.842799 
7.820738 
8.988600 
8.774106 
7.939666 
5.538161 
8.113628 
8.884535 
8.191940 
8.040055 
7.260198 
6.794622 
10.841090 
11.005444 
9.399475 
8.344017 
8.056269 
7.483019 
9.520876 
7.442653 
8.453046 
10.799418 
8.956367 
7.409454 
11.001034 
9.901281 
8.908248 
6.005670 
7.908756 
10.273554 
8.715221 
11.374376 
10.027660 
6.028449 
3.870508 
6.206399 
9.462491 
3.740588 
4.659346 
3.047242 
5.728011 
9.966834 
9.561155 
7.386538 
6.942776 
10.560405 
7.898845 
5.032288 
7.977854 
5.728038 
9.883253 
9.269872 
9.137044 
8.727943 
7.851935 
4.568897 
10.179313 
7.676046 
8.504504 
7.921361 
5.571474 
6.796465 
9.674430 
10.027085 
6.236546 
6.868850 
7.157684 
8.630103 
9.799593 
9.017536 
8.115693 
11.208763 
10.127642 
4.332231 
10.374771 
5.463360 
7.491670 
8.369792 
9.590534 
5.754720 
9.286589 
9.193330 
7.037383 
8.747822 
7.974761 
8.147988 
10.008016 
9.346590 
10.150559 
7.152519 
9.076325 
8.251292 
8.819519 
6.596581 
8.594055 
7.097414 
9.320597 
9.842310 
9.173759 
8.140583 
5.924001 
4.796261 
6.864521 
7.356663 
5.790952 
8.427432 
10.008999 
10.002225 
7.026993 
7.023758 
7.458116 
10.668416 
8.848855 
8.329203 
6.284570 
10.722964 
6.022285 
4.574302 
10.744303 
9.783484 
7.149019 
7.253235 
7.165512 
6.333238 
7.647753 
5.956841 
7.445933 
7.134657 
5.203266 
5.543771 
9.005468 
8.333158 
10.226146 
7.443567 
6.995138 
6.600442 
5.331558 
4.063674 
8.552207 
10.293885 
5.649365 
12.087492 
9.026475 
7.428035 
8.575814 
7.249572 
6.687366 
6.438760 
8.559899 
8.345979 
8.731616 
10.252457 
7.921425 
7.508962 
7.022832 
6.314157 
5.916253 
7.622120 
8.632677 
7.319199 
9.630215 
9.503481 
8.523728 
7.860440 
9.966054 
9.357487 
10.331581 
8.915717 
7.642532 
7.979360 
7.596276 
3.142315 
12.234188 
10.063402 
10.791833 
9.013606 
7.307415 
7.662014 
5.892334 
8.266121 
7.353593 
6.875416 
3.554026 
5.980093 
10.071576 
8.268874 
9.203436 
7.276718 
4.807697 
9.837658 
3.325913 
5.482296 
4.378978 
3.430588 
9.113220 
9.042462 
10.487172 
7.587668 
5.548508 
6.121204 
11.141237 
10.463561 
8.170180 
7.567116 
10.051134 
8.468708 
9.236547 
9.448335 
7.146944 
3.053912 
6.164322 
6.766044 
8.617719 
7.788388 
6.879242 
7.703259 
7.105608 
7.608235 
10.606446 
7.819548 
5.989948 
1.724775 
8.396412 
4.665885 
7.681456 
5.018335 
6.665326 
9.530216 
10.595413 
11.549512 
9.038466 
11.240028 
9.600416 
9.842358 
3.555129 
10.144701 
8.472465 
8.910079 
9.569459 
10.965269 
8.654955 
9.262408 
10.957382 
5.408692 
6.978068 
9.597403 
7.463340 
7.505396 
9.383437 
5.059979 
4.812489 
6.730334 
4.869081 
12.006078 
8.379493 
10.180307 
7.366495 
10.091272 
7.315128 
6.570155 
6.373346 
6.074298 
7.710021 
5.591587 
7.613408 
7.780591 
10.024585 
10.008534 
5.635146 
8.266614 
7.937297 
8.394221 
10.790397 
7.306158 
5.651142 
7.208269 
5.613696 
8.460462 
5.255497 
3.661343 
10.869907 
9.875739 
8.397395 
7.324583 
7.242062 
6.882552 
7.217185 
3.827030 
6.342609 
8.707710 
5.856580 
10.918877 
6.713865 
3.936232 
10.843545 
10.355508 
6.555467 
5.658621 
6.885073 
6.098309 
10.501506 
7.318861 
5.239638 
2.272817 
10.930151 
9.948699 
9.371738 
7.973266 
6.730286 
7.262802 
6.457556 
6.022434 
4.408861 
5.119058 
8.515144 
9.486333 
7.269427 
6.705555 
7.499856 
5.764414 
11.052800 
11.308526 
9.653333 
7.439413 
7.998635 
8.284199 
5.202517 
2.563925 
9.434929 
10.943788 
8.387940 
10.520218 
11.079246 
5.746793 
8.063589 
7.847298 
8.041847 
8.424831 
3.382477 
10.092021 
8.988805 
7.585034 
8.186557 
9.626283 
5.967746 
10.927376 
7.984572 
9.137620 