0.271649 
0.485977 
0.325565 
0.689976 
0.321323 
0.405552 
0.578299 
0.309110 
0.729484 
0.130099 
0.211936 
0.590079 
0.192717 
0.485110 
0.256424 
0.262888 
0.390956 
0.168448 
0.506508 
0.301260 
0.529917 
0.435546 
0.336548 
0.320897 
0.413692 
0.210154 
0.566243 
0.188204 
0.465679 
0.355955 
0.765706 
0.357899 
0.250396 
0.491077 
0.315385 
0.178788 
0.264283 
0.386163 
0.401282 
0.316421 
0.336938 
0.519977 
0.294580 
0.330946 
0.338887 
0.476069 
0.375353 
0.407832 
0.277261 
0.520335 
0.188544 
0.381886 
0.544152 
0.325669 
0.757391 
0.610387 
0.284379 
0.716331 
0.362333 
0.302899 
0.308036 
0.394762 
0.324522 
0.253744 
0.433457 
0.458285 
0.716956 
0.535891 
0.682691 
0.701472 
0.298222 
0.331876 
0.437343 
0.616275 
0.737596 
0.479583 
0.342023 
0.504693 
0.255284 
0.469975 
0.191998 
0.739919 
0.409453 
0.304912 
0.483870 
0.323879 
0.606470 
0.355873 
0.709814 
0.300956 
0.145923 
0.309175 
0.328393 
0.524143 
0.419807 
0.253772 
0.717526 
0.678637 
0.432978 
0.353281 
0.509832 
0.297305 
0.397133 
0.495314 
0.162486 
0.393483 
0.222608 
0.721206 
0.348265 
0.520858 
0.253000 
0.436207 
0.211524 
0.662734 
0.628971 
0.307630 
0.666369 
0.278614 
0.377370 
0.541510 
0.251750 
0.382935 
0.548582 
0.246346 
0.397584 
0.534870 
0.664226 
0.443493 
0.556303 
0.545088 
0.364615 
0.493110 
0.290803 
0.277798 
0.306398 
0.443632 
0.310508 
0.464656 
0.235184 
0.586991 
0.199995 
0.678933 
0.246844 
0.553049 
0.383219 
0.715140 
0.755498 
0.787052 
0.753717 
0.393342 
0.735805 
0.508890 
0.743406 
0.337254 
0.334393 
0.735601 
0.178704 
0.354422 
0.247760 
0.721008 
0.469822 
0.428577 
0.330462 
0.858472 
0.230731 
0.567299 
0.637708 
0.313640 
0.321610 
0.251707 
0.447763 
0.251257 
0.450970 
0.372817 
0.762816 
0.383934 
0.265783 
0.682156 
0.561058 
0.205739 
0.612805 
0.380622 
0.549519 
0.331966 
0.432676 
0.839116 
0.694835 
0.362241 
0.353610 
0.375554 
0.406392 
0.258034 
0.359030 
0.222725 
0.347657 
0.303180 
0.298307 
0.208870 
0.443591 
0.267897 
0.394262 
0.243018 
0.271784 
0.460439 
0.208389 
0.280942 
0.620673 
0.516897 
0.304657 
0.526169 
0.325730 
0.442430 
0.229824 
0.586517 
0.379545 
0.200088 
0.351364 
0.307942 
0.788497 
0.740091 
0.447895 
0.465053 
0.395167 
0.860607 
0.697642 
0.698044 
0.507904 
0.376921 
0.224926 
0.195316 
0.329891 
0.693829 
0.294544 
0.314039 
0.705268 
0.382500 
0.700885 
0.390867 
0.354438 
0.409067 
0.703845 
0.548436 
0.257076 
0.731649 
0.467525 
0.520732 
0.355819 
0.377407 
0.436209 
0.236198 
0.231493 
0.667792 
0.718887 
0.545716 
0.261833 
0.541621 
0.323022 
0.437690 
0.430023 
0.687815 
0.796219 
0.774578 
0.438586 
0.312125 
0.224513 
0.533166 
0.450758 
0.290364 
0.333618 
0.560793 
0.408327 
0.814010 
0.235140 
0.455879 
0.510690 
0.681915 
0.544755 
0.251495 
0.587014 
0.204675 
0.421879 
0.555579 
0.629995 
0.375114 
0.472645 
0.496471 
0.256586 
0.725776 
0.289977 
0.367147 
0.467665 
0.433174 
0.423139 
0.422699 
0.194385 
0.390404 
0.201575 
0.739017 
0.397380 
0.325321 
0.214476 
0.237895 
0.229615 
0.470428 
0.579455 
0.687982 
0.669262 
0.274340 
0.215111 
0.280100 
0.794878 
0.186759 
0.470509 
0.292994 
0.559314 
0.800513 
0.710640 
0.461777 
0.205765 
0.836172 
0.660392 
0.744389 
0.703122 
0.427844 
0.219368 
0.583412 
0.210268 
0.489370 
0.287599 
0.241425 
0.473183 
0.575423 
0.405851 
0.423617 
0.366124 
0.840264 
0.348038 
0.569181 
0.302749 
0.316212 
0.641136 
0.715523 
0.460366 
0.529726 
0.322470 
0.682377 
0.439748 
0.302384 
0.492658 
0.340383 
0.295986 
0.697435 
0.568795 
0.685477 
0.621036 
0.416565 
0.313466 
0.484586 
0.432993 
0.238468 
0.253856 
0.404254 
0.291735 
0.548067 
0.401533 
0.303296 
0.563838 
0.419249 
0.262733 
0.502524 
0.737755 
0.609777 
0.218098 
0.203953 
0.243467 
0.564508 
0.193054 
0.573316 
0.342137 
0.472298 
0.408462 
0.343896 
0.530429 
0.299184 
0.431322 
0.544649 
0.258462 
0.639532 
0.411104 
0.514077 
0.486265 
0.206029 
0.390145 
0.680589 
0.737970 
0.394498 
0.313153 
0.515264 
0.190750 
0.220231 
0.459818 
0.249793 
0.707383 
0.388550 
0.256083 
0.584812 
0.718654 
0.387962 
0.326827 
0.416739 
0.772848 
0.249975 
0.368955 
0.706640 
0.706788 
0.258592 
0.336579 
0.222382 
0.602781 
0.418557 
0.325414 
0.255760 
0.731359 
0.699886 
0.674187 
0.725812 
0.485666 
0.278394 
0.248224 
0.562292 
0.412307 
0.353038 
0.481762 
0.662966 
0.371269 
0.362357 
0.275948 
0.306829 
0.479288 
0.268624 
0.576350 
0.402869 
0.252793 
0.383754 
0.404487 
0.629123 
0.414768 
0.419232 
0.339987 
0.466110 
0.396787 
0.358873 
0.716872 
0.432755 
0.492264 
0.727122 
0.672979 
0.353459 
0.476747 
0.737621 
0.258935 
0.558555 
0.388819 
0.439793 
0.620413 
0.212539 
0.179755 
0.436628 
0.321709 
0.713834 
0.876483 
0.695024 
0.268144 
0.235948 
0.433276 
0.357909 
0.546103 
0.208899 
0.598831 
0.295816 
0.407986 
0.501752 
0.162358 
0.426074 
0.343058 
0.497093 
0.338238 
0.253418 
0.759929 
0.377333 
0.672297 
0.700929 
0.322611 
0.282104 
0.490170 
0.655268 
0.370641 
0.280571 
0.696074 
0.374849 
0.188232 
0.658619 
0.775364 
0.501097 
0.435525 
0.329877 
0.267030 
0.649691 
0.345805 
0.422868 
0.242323 
0.570238 
0.741259 
0.684217 
0.509940 
0.242537 
0.739341 
0.535613 
0.312508 
0.443081 
0.642194 
0.320489 
0.398274 
0.338693 
0.264330 
0.603120 
0.429403 
0.449087 
0.735766 
0.597995 
0.236097 
0.852228 
0.709092 
0.457947 
0.419955 
0.198691 
0.290914 
0.512967 
0.281451 
0.530872 
0.318530 
0.676400 
0.287597 
0.216975 
0.593056 
0.396042 
0.485720 
0.406998 
0.204308 
0.301499 
0.357672 
0.262455 
0.295497 
0.145179 
0.358181 
0.284490 
0.541770 
0.447618 
0.385598 
0.413572 
0.398528 
0.486909 
0.277124 
0.511946 
0.274442 
0.473432 
0.187294 
0.614168 
0.256112 
0.382890 
0.303568 
0.341895 
0.573903 
0.330734 
0.175268 
0.432625 
0.216874 
0.610159 
0.387093 
0.759954 
0.154450 
0.362645 
0.402675 
0.674912 
0.343485 
0.260258 
0.511542 
0.626334 
0.869953 
0.230467 
0.584266 
0.425077 
0.491360 
0.209198 
0.282907 
0.732896 
0.460855 
0.215805 
0.573489 
0.230514 
0.322085 
0.365176 
0.701364 
0.356893 
0.353552 
0.278419 
0.305702 
0.343769 
0.692119 
0.330879 
0.419149 
0.452408 
0.398606 
0.514096 
0.702106 
0.374494 
0.284709 
0.722206 
0.574399 
0.400289 
0.435034 
0.723689 
0.807899 
0.721525 
0.621284 
0.392562 
0.464384 
0.565326 
0.721514 
0.403463 
0.697736 
0.693002 
0.587595 
0.698587 
0.524840 
0.236899 
0.596666 
0.879220 
0.705422 
0.666278 
0.732051 
0.560414 
0.220393 
0.532586 
0.407230 
0.357599 
0.449561 
0.338398 
0.386486 
0.359935 
0.349794 
0.439939 
0.390802 
0.367255 
0.413385 
0.727564 
0.567623 
0.271602 
0.293274 
0.144814 
0.297732 
0.400626 
0.375413 
0.358449 
0.774982 
0.488611 
0.229098 
0.615177 
0.401058 
0.300943 
0.390747 
0.414317 
0.651893 
0.543817 
0.333793 
0.706037 
0.600344 
0.329118 
0.608430 
0.351283 
0.582850 
0.243188 
0.511946 
0.221235 
0.355135 
0.707049 
0.759286 
0.731866 
0.426717 
0.759563 
0.639879 
0.694959 
0.483961 
0.723426 
0.685696 
0.425159 
0.443170 
0.555137 
0.741172 
0.369594 
0.373443 
0.350168 
0.371587 
0.733006 
0.158124 
0.316607 
0.280587 
0.257562 
0.402636 
0.536392 
0.651057 
0.353392 
0.350458 
0.415490 
0.279812 
0.273988 
0.553534 
0.731389 
0.351074 
0.262131 
0.588024 
0.491535 
0.375272 
0.453861 
0.286212 
0.210375 
0.407329 
0.334914 
0.330689 
0.402046 
0.381685 
0.324353 
0.739113 
0.579528 
0.699229 
0.569689 
0.380235 
0.512068 
0.247448 
0.600468 
0.342833 
0.605609 
0.441585 
0.502231 
0.336303 
0.348909 
0.525639 
0.713777 
0.697103 
0.461726 
0.246041 
0.253003 
0.426539 
0.443627 
0.525400 
0.686321 
0.535008 
0.363875 
0.701356 
0.770082 
0.705451 
0.404071 
0.329976 
0.283650 
0.451804 
0.392544 
0.531439 
0.349864 
0.647308 
0.708096 
0.265766 
0.314652 
0.221296 
0.682401 
0.415183 
0.403215 
0.188195 
0.295898 
0.417069 
0.391065 
0.561456 
0.244916 
0.337921 
0.385565 
0.551822 
0.743056 
0.425382 
0.422257 
0.495250 
0.586641 
0.364515 
0.428194 
0.284229 
0.295437 
0.811633 
0.700172 
0.416771 
0.226767 
0.539265 
0.706267 
0.395339 
0.256580 
0.286317 
0.569810 
0.273040 
0.727974 
0.618478 
0.269777 
0.550791 
0.809581 
0.648276 
0.220164 
0.344363 
0.383337 
0.793323 
0.319992 
0.249482 
0.222423 
0.583692 
0.276953 
0.210012 
0.207418 
0.469433 
0.516669 
0.299292 
0.479704 
0.326670 
0.552335 
0.279501 
0.532328 
0.673765 
0.384457 
0.323068 
0.530267 
0.373049 
0.832670 
0.230516 
0.575218 
0.421456 
0.329934 
0.555323 
0.315961 
0.318625 
0.398889 
0.279586 
0.612449 
0.290572 
0.665670 
0.407117 
0.449574 
0.681014 
0.386637 
0.341932 
0.457033 
0.404632 
0.248533 
0.747612 
0.570113 
0.360746 
0.390124 
0.385664 
0.356823 
0.554930 
0.346328 
0.477338 
0.458607 
0.561669 
0.255636 
0.545260 
0.327095 
0.366441 
0.388534 
0.388629 
0.402502 
0.686464 
0.269343 
0.706028 
0.329964 
0.280763 
0.278993 
0.349234 
0.413475 
0.312088 
0.550797 
0.638887 
0.284443 
0.217489 
0.546747 
0.695727 
0.480363 
0.221558 
0.290553 
0.453808 
0.235827 
0.579141 
0.362143 
0.288505 
0.661867 
0.619081 
0.250642 
0.528993 
0.506572 
0.388711 
0.648387 
0.405021 
0.340854 
0.302163 
0.476096 
0.296774 
0.634038 
0.243425 
0.594331 
0.368075 
0.491231 
0.480873 
0.515695 
0.234911 
0.217108 
0.443583 
0.291472 
0.364464 
0.292847 
0.516948 
0.428641 
0.686150 
0.431829 
0.403323 
0.366393 
0.504958 
0.404668 
0.249878 
0.427481 
0.454548 
0.386553 
0.830737 
0.209065 
0.631469 
0.505584 
0.622969 
0.370268 
0.401149 
0.418450 
0.389148 
0.430208 
0.214084 
0.435696 
0.323244 
0.570110 
0.351707 
0.403856 
0.438780 
0.376526 
0.230627 
0.486112 
0.234255 
0.321461 
0.364400 
0.329006 
0.327354 
0.486189 
0.489412 
0.266525 
0.407807 
0.432546 
0.230299 
0.612416 
0.445969 
0.243122 
0.289024 
0.574701 
0.277800 
0.428220 
0.635056 
0.403992 
0.598190 
0.254803 
0.260712 
0.211116 
0.268922 
0.260943 
0.530158 
0.426191 
0.245025 
0.349690 
0.711436 
0.336105 
0.288106 
0.260013 
0.468765 
0.227667 
0.392821 
0.209299 
0.569071 
0.414687 
0.307786 
0.358777 
0.334835 
0.585412 
0.221501 
0.592716 
0.265151 